ss = {0, 1, 2, 3, 4, 5, 6, 7, 8, 9, 10, 11, 12, 13, 14, 15, 16, 17, 18, 19} 
ms = {1, 0, 2, 3, 1, 2, 0, 1, 2, 3, 2, 0, 1, 2, 0, 2, 1, 2, 0, 3}

ss = {0, 1, 2, 5, 4, 3, 6, 7, 9, 8, 11, 10, 12, 14, 15, 13, 16, 17, 18, 19}
ms = {2, 0, 1, 2, 1, 3, 0, 2, 1, 0, 2, 3, 0, 2, 3, 1, 2, 3, 0, 2}

ss = {0, 1, 2, 6, 5, 4, 3, 7, 11, 8, 9, 10, 12, 13, 14, 15, 16, 18, 17, 19}
ms = {3, 1, 2, 0, 2, 1, 3, 0, 2, 0, 3, 1, 2, 0, 1, 2, 3, 0, 0, 1}

ss = {0, 1, 6, 3, 2, 5, 4, 7, 10, 9, 11, 8, 12, 15, 14, 13, 16, 18, 17, 19}
ms = {2, 3, 2, 0, 2, 1, 3, 2, 0, 3, 2, 3, 2, 2, 1, 2, 3, 0, 2, 0}

ss = {0, 1, 4, 5, 6, 3, 2, 7, 8, 9, 10, 11, 12, 14, 15, 13, 16, 18, 17, 19}
ms = {2, 2, 1, 0, 3, 2, 2, 3, 3, 0, 1, 0, 2, 3, 0, 3, 3, 1, 0, 2} 